2602
2489
8190

2587
2393
2598
73086

4271
2728
11099
2595
3757
2955
31389
42760
2990
4072

4050
2568
3029





5859
3802
2540
13015
2533
2589
2826
17156
2549
9281
68593
96403
2507
10125

12667
2502
10694
2719
10333
2485


2477
2639
2766
2599
2546

2490
2843
2630
4479


2531

2536
2478


8763
4569
20853
3523
10458
2467

2554
14667
24149
2542




2474









2464
9678






2519
3497



2516

9669
2491

3793

2543

3949
16922
5163

5594
4626

17444

4219
5940

2498


3265
3996
2427
110627

25478


2572

3425

12587
34398
3935
25617
37607


15790
2421
42425




3579
2555
2369


6149










2448

15080


12352
100302
4255

10007




4194
3045
66465
112968
149616
190614
229752
2358
62831
679322
712073
821629
912814
969239
1057557
1158373
1290197
1326334
1360374









10336
42030
74213
113074
151028
223026
2330
3472
32901

31158
250069
423212
543712
604247
695330
895459
1179458
4059
126330
211717


17509
6485
12585
17523
21312
26305
38099
50728
55894

6506
19721
42146
45825
53003
60676
67158
75296
4046
3528
3529

3728
4211

2521
2576
2395

4171
19089






23618






22009
24671














































































6052



9591



