320
00001
000000000001
0000000000001
00000001
00000001
00000001
000000001
0000001
00000001
00000001
00000001
000000000001
0000000000001
000000000001
00000000001
0000000000001
0000000000001
0000000000001
0000000000001
0426
00000667
1
2
1
2
684
001
00691
00001
716
000001
0000001
0000001
0000001
000000001
00000001
00000001
000000001
00000001
00000001
1234
1
00000001
00000001
0000001
00000001
00001
00000001
01
00000001
00000000001
1251
00000001
000000000001
00000001
000000000001
000000000001
000000000001
000000000001
000000000001
000000000001
000000000001
1267
0001
000000000001
000000000001
000000000001
0000000000001
000001
00001
01
000000001
00000000001
1282
00000001
000000000001
000000000001
000000000001
000000001
000000000001
000000000001
000000000001
000000000001
000000000001
1
00000001
000000000001
000000000001
00000000000001
0000000000001
000000000000001
00000000000001
00000000000001
0000000000001
000000000000001
16
01
000001
0001
001
00000000001
000000000001
000000000001
000000000001
0000000000001
000000000001
32
00001
000000001
00000001
00000001
00000001
0001
001
0000000001
000000000001
00000000001
58
00000001
00000001
000000001
000000001
0000001
01
01
00001
00000000001
000000000001
116
0000001
00000136
002
01
01
0000000158
01
000000001
00vers BoxMain FILM FINI
176
001
000000000vers BoxMain FILM FINI 11
189
0000000001
00000001
00000001
00000001
000000001
000000001
0001
01
01
0000001
00000000000vers BoxMain FILM FINI 11
213
001
01
0000001
0000000000vers BoxMain FILM FINI 10
228
0001
01
001
000001
000001
000000001
00000001
0000000001
000000001
000000001
00000001
000000001
0000001
01
001
0000000001
0000000000vers BoxMain FILM FINI 10
1
0001
000001
00000000000001
vers BoxMain FILM FINI 0
1 0 0
0001 3 3
01 4 7
01 5 12
001 7 19
0000001 13 32
0000000000vers BoxMain FILM FINI 10 13 32
1 0 0
0000001 6 6
00000000000vers BoxMain FILM FINI 11 6 6
1
01
00000000000vers BoxMain FILM FINI 11 1 1
1
00001
00000000000001
0000001
00000001
00000001
000000001
00000001
0001
01
0000001
00000000001
000000000001
00000000001
0000000000001
000000000001
1
000000000000vers BoxMain FILM FINI 12 0 0
1
001
000000000001
000000000001
000000000001
000000000001
0000000000001
00001
00000000001
0000000000001
0000000000001
00000000001
0000000000001
000001
001
0000001
000000000001
000000000001
000000000001
000000000001
0000000000001
00000000001
0000000000001
000000000001
000000000001
000000000001
00000001
0000000000001
000000000001
000000000001
00001 0 0
0000001 6 6
000000000000vers BoxMain FILM FINI 12 6 6
1 0 0
001 2 2
000001 7 9
0000001 13 22
00000001 20 42
0000001 26 68
000000001 34 102
0000001 40 142
000000001 48 190
0000001 54 244
0001 57 301
01 58 359
00000001 65 424
00000000001 75 499
000000000001 86 585
00000000001 96 681
0000000000001 108 789
0000000000001 120 909
00000000001 130 1039
0000000000001 142 1181
0000000000001 154 1335
000000000001 165 1500
000000000001 176 1676
0000000001 185 1861
000000000001 196 2057
000000000001 207 2264
0000000000001 219 2483
000000000001 230 2713
000000000001 241 2954
000000000001 252 3206
0000000000001 264 3470
000000000001 275 3745
0000000000001 287 4032
000000000001 298 4330
00001 0
0000000001 9
00000001 16
vers BoxMain FILM FINI 0 16 
1 0
vers BoxMain FILM FINI 0 0 
1 0
vers BoxMain FILM FINI 0 0 
1 0
vers BoxMain FILM FINI 0 0 
1 0
vers BoxMain FILM FINI 0 0 
1 9
00001 13
0000000000001 25
0000000000001 37
000000000001 48
00000000001 58
00000000001 68
001 70
000000000001 81
0000000000001 93
000000000001 104
0000000000001 116
000000000001 127
0000000000001 139
000000000001 150
000000000001 161
00000000001 171
0000001 177
00000001 184
0000000000001 196
0000000001 205
001 207
0000001 213
000000001 221
00000001 228
000000001 236
001 238
001 240
000000001 248
0000000001 9
vers BoxMain FILM FINI 0 9 
1 9
vers BoxMain FILM FINI 0 9 
1 9
01 10
0000000000001 22
0000001 28
00000001 35
0000001 41
00000001 48
00000001 55
00000001 62
00001 66
0000001 72
0000001 78
00000001 85
00000001 92
00000001 99
00000001 106
0000001 112
00000001 119
0000001 125
00000001 132
0000001 138
000000001 146
0000000000000001 161
000000000000001 175
0000000000000001 190
000000000000001 204
0000000000000001 219
0000000000000001 234
000000000000001 248
0000000001 0 9
vers BoxMain FILM FINI 0 0 9
1 0 9
vers BoxMain FILM FINI 0 0 9
1 9 18
000000001 8 17
vers BoxMain FILM FINI 0 8 17
1 9 18
vers BoxMain FILM FINI 0 9 18
1 9 18
vers BoxMain FILM FINI 0 9 18
1 9 18
00001 4 13
vers BoxMain FILM FINI 0 4 13
1 9 18
00000001 7 16
0000001 6 13
00000001 7 13
000000001 8 15
000000001 8 16
00000001 7 15
00000000001 10 17
0000000001 9 19
001 2 11
vers BoxMain FILM FINI 0 2 11
1 9 18
00001 4 13
0000001 6 10
00000001 7 13
00000001 7 14
0000000001 9 16
00000001 7 16
00000001 7 14
0000001 6 13
00000001 7 13
0000001 6 13
00000001 7 13
000000001 8 15
000000001 8 16
000001 5 13
0001 3 8
vers BoxMain FILM FINI 0 3 8
1 9 18
000000000001 11 20
000001 5 16
00000001 7 12
000000001 8 15
00000001 7 15
00000001 7 14
00000001 7 14
00001 4 11
01 1 5
vers BoxMain FILM FINI 0 1 5
1 9 18
00000000000001 13 22
0000001 6 19
00000001 7 13
00000001 7 14
000000001 8 15
000000001 8 16
00000001 7 15
001 2 9
vers BoxMain FILM FINI 0 2 9
1 9 18
001 2 11
vers BoxMain FILM FINI 0 2 11
1 9 18
000001 5 14
00000000001 10 15
0000000000001 12 22
00000001 7 19
0000001 6 13
0000001 6 12
00000001 7 13
00000001 7 14
000000001 8 15
000000001 8 16
00001 4 12
0001 3 7
vers BoxMain FILM FINI 0 3 7
1 9 18
1 0 9
000000vers BoxMain FILM FINI 6 0 9
1 9 18
000001 5 14
00000000001 10 15
00000000001 10 20
0000000000001 12 22
000000000001 11 23
000000001 8 19
001 2 10
vers BoxMain FILM FINI 0 2 10
1 9 18
0001 3 12
vers BoxMain FILM FINI 0 3 12
1 9 18
01 1 10
vers BoxMain FILM FINI 0 1 10
1 9 18
001 2 11
vers BoxMain FILM FINI 0 2 11
DEBUT ....
1 9 18
000000DEBUT ....
1 6 15
0000000DEBUT ....
1 7 13
000000DEBUT ....
1 6 13
0000000DEBUT ....
1 7 13
0000000DEBUT ....
1 7 14
00000000DEBUT ....
1 8 15
00000000DEBUT ....
1 8 16
0000000DEBUT ....
1 7 15
000000DEBUT ....
1 6 13
00001 4 10
001 2 6
vers BoxMain FILM FINI 0 2 6
 DEBUT....1 9 18
00001 4 13
000000 DEBUT....1 6 10
0000000 DEBUT....1 7 13
00000000 DEBUT....1 8 15
00000000 DEBUT....1 8 16
0000000 DEBUT....1 7 15
000000 DEBUT....1 6 13
0000000 DEBUT....1 7 13
0000000 DEBUT....1 7 14
000000 DEBUT....1 6 13
00000000 DEBUT....1 8 14
00000000 DEBUT....1 8 16
000001 5 13
01 1 6
vers BoxMain FILM FINI 0 1 6
1 9 18
000001 5 14
0000001 6 11
0000001 6 12
00000001 7 13
000001 5 12
01 1 6
vers BoxMain FILM FINI 0 1 6
1 9 18
001 2 11
vers BoxMain FILM FINI 0 2 11
1 9 18
0001 3 12
vers BoxMain FILM FINI 0 3 12
1 9 18
1 0 9
vers BoxMain FILM FINI 0 0 9
1 9 18
000000001 8 17
0000000000001 12 20
00000000000001 13 25
00000000000001 13 26
00000000000001 13 26
0000001 6 19
001 2 8
vers BoxMain FILM FINI 0 2 8
1 9 18
0000000001 9 18
0000001 6 15
00000001 7 13
00000001 7 14
0000000001 9 16
000000001 8 17
00001 4 12
000001 5 9
000000001 8 13
000001 5 13
0001 3 8
vers BoxMain FILM FINI 0 3 8
1 9 18
000000001 8 17
0000001 6 14
000001 5 11
0001 3 8
vers BoxMain FILM FINI 0 3 8
1 9 18
01 1 10
vers BoxMain FILM FINI 0 1 10
1 9 18
0000000001 9 18
01 1 10
vers BoxMain FILM FINI 0 1 10
1 9 18
01 1 10
vers BoxMain FILM FINI 0 1 10
1 9 18
000001 5 14
000000000001 11 16
0000000000001 12 23
00000000001 10 22
0000000000001 12 22
0000000000001 12 24
000000000001 11 23
000000000001 11 22
000000000001 11 22
0000000000001 12 23
000000000001 11 23
000000000001 11 22
0000000000001 12 23
000000000001 11 23
000000000001 11 22
000000000001 11 22
000000000001 11 22
0000000000001 12 23
000000000001 11 23
000000000001 11 22
0000000000001 12 23
000000000001 11 23
000000000001 11 22
0000000000001 12 23
000000000001 11 23
000000000001 11 22
000000000001 11 22
0000000000001 12 23
000000000001 11 23
000000000001 11 22
0000000000001 12 23
000000000001 11 23
00000000001 10 21
01 1 11
vers BoxMain FILM FINI 0 1 11
1 9 18
00000001 7 16
000000000001 11 18
000001 5 16
01 1 6
vers BoxMain FILM FINI 0 1 6
1 9 18
01 1 10
vers BoxMain FILM FINI 0 1 10
1 9 18
000001 5 14
000000000001 11 16
00000001 7 18
000001 5 12
01 1 6
vers BoxMain FILM FINI 0 1 6
1 9 18
0000001 6 15
01 1 7
vers BoxMain FILM FINI 0 1 7
1 9 18
01 1 10
vers BoxMain FILM FINI 0 1 10
1 9 18
001 2 11
vers BoxMain FILM FINI 0 2 11
1 9 18
1 0 9
vers BoxMain FILM FINI 0 0 9
1 9 18
0000001 6 15
000000000001 11 17
000000000001 11 22
000000000001 11 22
000000000001 11 22
000000000001 11 22
000000000001 11 22
0000000001 9 20
01 1 10
vers BoxMain FILM FINI 0 1 10
1 9 18
01 1 10
vers BoxMain FILM FINI 0 1 10
1 9 18
00000000001 10 19
000000000001 11 21
000000000001 11 22
000000000001 11 22
000000000001 11 22
000000000001 11 22
000000000001 11 22
000000000001 11 22
000000000001 11 22
000000000001 11 22
000000000001 11 22
000000000001 11 22
000000000001 11 22
000000000001 11 22
000000000001 11 22
000000000001 11 22
01 1 12
vers BoxMain FILM FINI 0 1 12
1 9 18
000000001 8 17
000000001 8 16
00000000001 10 18
000000000001 11 21
01 1 12
vers BoxMain FILM FINI 0 1 12
1 9 18
01 1 10
vers BoxMain FILM FINI 0 1 10
1 9 18
0000000001 9 18
000000000001 11 20
000000000001 11 22
000000000001 11 22
000000000001 11 22
000000000001 11 22
000000001 8 19
01 1 9
vers BoxMain FILM FINI 0 1 9
1 9 18
00000000001 10 19
000000000001 11 21
00000001 7 18
01 1 8
vers BoxMain FILM FINI 0 1 8
1 9 18
01 1 10
vers BoxMain FILM FINI 0 1 10
1 9 18
0000000001 9 18
000000000001 11 20
001 2 13
vers BoxMain FILM FINI 0 2 13
1 9 18
0000000001 9 18
01 1 10
vers BoxMain FILM FINI 0 1 10
1 9 18
0001 3 12
vers BoxMain FILM FINI 0 3 12
1 9 18
00001 4 13
00001 4 8
01 1 5
vers BoxMain FILM FINI 0 1 5
1 9 18
000001 5 14
01 1 6
vers BoxMain FILM FINI 0 1 6
1 9 18
01 1 10
vers BoxMain FILM FINI 0 1 10
1 9 18
0000000001 9 18
000000001 8 17
001 2 10
vers BoxMain FILM FINI 0 2 10
1 9 18
000000001 8 17
001 2 10
vers BoxMain FILM FINI 0 2 10
1 9 18
00001 4 13
001 2 6
vers BoxMain FILM FINI 0 2 6
1 9 18
00000000001 10 19
00000001 7 17
01 1 8
vers BoxMain FILM FINI 0 1 8
1 9 18
000000001 8 17
0001 3 11
vers BoxMain FILM FINI 0 3 11
1 9 18
1 0 9
vers BoxMain FILM FINI 0 0 9
1 9 18
00000000001 10 19
01 1 11
vers BoxMain FILM FINI 0 1 11
1 9 18
001 2 11
vers BoxMain FILM FINI 0 2 11
1 9 18
000001 5 14
01 1 6
vers BoxMain FILM FINI 0 1 6
1 9 18
01 1 10
vers BoxMain FILM FINI 0 1 10
1 9 18
1 0 9
vers BoxMain FILM FINI 0 0 9
1 9 18
01 1 10
vers BoxMain FILM FINI 0 1 10
1 9 18
001 2 11
vers BoxMain FILM FINI 0 2 11
1 9 18
1 0 9
vers BoxMain FILM FINI 0 0 9
1 9 18
0001 3 12
vers BoxMain FILM FINI 0 3 12
1 9 18
1 0 9
vers BoxMain FILM FINI 0 0 9
1 9 18
0000001 6 15
001 2 8
vers BoxMain FILM FINI 0 2 8
1 9 18
0001 3 12
vers BoxMain FILM FINI 0 3 12
1 9 18
000001 5 14
01 1 6
vers BoxMain FILM FINI 0 1 6
1 9 18
1 0 9
vers BoxMain FILM FINI 0 0 9
1 9 18
1 0 9
vers BoxMain FILM FINI 0 0 9
1 9 18
0000001 6 15
01 1 7
vers BoxMain FILM FINI 0 1 7
1 9 18
00001 4 13
01 1 5
vers BoxMain FILM FINI 0 1 5
1 9 18
000001 5 14
001 2 7
vers BoxMain FILM FINI 0 2 7
1 9 18
000001 5 14
000000000001 11 16
00000001 7 18
001 2 9
vers BoxMain FILM FINI 0 2 9
1 9 18
0001 3 12
vers BoxMain FILM FINI 0 3 12
1 9 18
000001 5 14
000000000001 11 16
000000000001 11 22
0000000000001 12 23
000000000001 11 23
000001 5 16
01 1 6
vers BoxMain FILM FINI 0 1 6
1 9 18
00000001 7 16
0000000000001 12 19
000000000001 11 23
00000000001 10 21
001 2 12
vers BoxMain FILM FINI 0 2 12
1 9 18
00001 4 13
00000001 7 11
001 2 9
vers BoxMain FILM FINI 0 2 9
1 9 18
0001 3 12
vers BoxMain FILM FINI 0 3 12
1 9 18
00000000001 10 19
0000000001 9 19
001 2 11
vers BoxMain FILM FINI 0 2 11
1 9 18
00000001 7 16
000000000001 11 18
000000000001 11 22
0000000000001 12 23
00000000001 10 22
0000000000001 12 22
000000000001 11 23
000000000001 11 22
000000001 8 19
01 1 9
to BoxMain FILM FINI 0 1 9
1 9 18
00001 4 13
0000000000001 12 16
000000000001 11 23
000000000001 11 22
0000000000001 12 23
000000000001 11 23
000000000001 11 22
000000000001 11 22
000000000001 11 22
0000000000001 12 23
00000001 7 19
000000000001 11 18
0000000000001 12 23
000000000001 11 23
000000000001 11 22
000000000001 11 22
01 1 12
to BoxMain FILM FINI 0 1 12
1 9 18
001 2 11
to BoxMain FILM FINI 0 2 11
1 9 18
000000001 8 17
000000000001 11 19
01 1 12
to BoxMain FILM FINI 0 1 12
1 9 18
0001 3 12
to BoxMain FILM FINI 0 3 12
1 9 18
001 2 11
to BoxMain FILM FINI 0 2 11
