865
865
868
868
868
868
868
868
868
868
847
860
860
860
860
864
859
859
859
861
869
869
873
859
862
858
865
865
860
860
860
859
865
865
866
866
866
866
863
863
863
863
863
863
863
869
869
870
870
859
858
863
864
865
867
857
877
862
858
859
864
861
861
865
865
865
865
860
863
866
866
868
861
863
857
857
859
866
865
864
864
868
864
861
861
859
868
868
868
868
866
869
869
871
862
866
860
860
860
860
860
860
860
860
860
860
860
860
860
858
858
858
861
861
861
873
873
863
863
864
855
866
866
866
866
861
861
861
861
861
871
871
868
868
856
856
863
863
867
864
857
864
862
855
866
854
858
859
859
867
860
860
867
863
866
864
875
863
855
863
863
863
856
856
856
856
862
862
862
857
875
858
856
856
860
864
866
859
859
856
863
860
857
863
864
864
864
864
864
861
861
854
854
856
853
853
865
865
856
858
866
867
864
864
861
862
864
864
866
865
866
863
857
857
859
859
858
860
864
863
860
881
870
864
865
863
869
870
857
877
877
877
861
861
858
858
864
872
863
861
865
865
865
874
858
858
860
869
869
863
863
869
855
858
871
865
862
863
863
864
859
869
864
869
861
859
859
861
863
865
872
864
864
863
870
870
870
867
867
860
860
859
861
859
864
866
857
857
857
857
857
857
867
867
867
867
867
867
867
867
867
867
867
867
856
858
886
886
886
868
863
863
863
863
863
863
863
863
869
869
869
862
862
862
862
862
862
862
862
862
861
861
861
861
860
860
864
864
864
864
864
864
864
864
860
862
862
862
862
862
862
862
862
855
866
866
866
858
863
863
864
860
859
860
857
849
872
859
855
855
855
862
862
862
868
863
866
866
866
866
871
863
863
865
862
866
860
867
867
859
860
860
864
872
862
862
858
866
866
867
867
867
865
870
862
862
862
864
864
868
868
868
863
863
870
870
866
865
876
857
857
857
849
849
849
849
867
859
860
860
867
867
858
878
878
878
863
863
867
873
859
855
857
857
862
862
864
864
864
864
864
864
864
864
859
859
859
862
862
867
861
861
861
861
861
852
852
873
873
851
851
867
867
867
867
867
867
862
862
874
874
874
874
862
862
862
862
862
862
862
862
862
862
863
860
860
860
860
860
853
862
861
862
852
866
865
872
872
872
860
860
860
857
857
857
881
881
881
865
865
865
865
865
865
865
857
857
857
868
868
868
865
860
859
864
849
869
868
892
858
860
860
860
860
858
861
863
864
864
866
866
858
860
863
861
859
862
864
863
865
861
869
861
871
857
849
