19252
20399
21475
27106
31701
42138
55075
157694
171394
2710
36093
90108
109516
300759
313371
327837
343488
2529
35194
77807
4190
2636
2601
2585
5514
3382
3431
7343
8954
17278
28405
28413
28465
28584
50096
54357
63619
63638
63687
64396
132234
132589
4520
4527
4572
3709
12023
3087


2706

4273
5576
2937
2588
5063
2624
2585
3094
8721
3605
9151
2672
3703
4338
9726
2731
2740
7850
26349
41464
58425
82189
287146
429173
2317
12751
21022
38051
46433
64551
512477
522752
2660
2210
8231
13586
32634
45671
3319
4129
2867
2736
3491
2686
2683
2679
44118
2685
3475
9438
2724
24845
55470
2654
2771
19467
2224
10288
22223
40460
2264
7268
17085
31978
49025
71653
95760
2605
10768
2717
15248
2629
2261
2287
2908
2712
2686
2769
2451
2556
2637
4546
2664
21545
2697
86356
2229
9871
2192
8161
40120
915501
930655
2354
2263
2186
489321
2221
2232
2169
2282
2163
6870
2235
11163
2251
2058
2170
6614
2193
2177
2210
2175
2201
9193
2159
2225
7757
2226
7363
23796
37915
2184
2298
3761
2213
2625
3751
2180
2877
2169
98295
100483
127471
138435
145595
228267
241041
323988
2848
2787
5251
3359
2244
11189
2186
2196
2237
15342
2198
7503
65499
93930
2216
8048
2222
10544
2201
8895
2205
8175
2138
2647
2210
2185
2243
2316
2250
2252

2204
2195
2218
2266
4175

2239

2241
2215
2222
2188

2241
2185
7454
2283
4279
18177
2232
3237
3527
9220
10654
2241
2307

2237

2217
2336
2212
2271
14373
14707
22624
24336
2248

2219
2541
2214
2511
2196
5486


2207
6932
2326
6128
2257







2363

12513

32481
2236
9792
11443
13169
2188
5467
8182
9886

5443

5131

34636
52975

4999

2515
2226
4910
2216
2548
2227
3203
3501








2244
2557
2252
6116
8246
9874
2225
2204
5343
2180
2530
2242
3493
3797
2212
2209
4965
2235
6842
2232
5387
2238
2198
3660
3953
16538
16951
4929
5218


5309
8690
4349
4642
7706
10198
17151
17493


3924
4269
5651
5944
2163
6186
2152
5987
2162
2493
2222
2574
2981
3272
3837
4136
2150
5705
109103
110836
2148
18850
23084
25716
2165
11971
2204
9212
2155
9450
2151
2214
3169
3895
2218
3039
11133
12818
32349
34655
3675
3976
25323
25453
36237
37784
2157
2890
2179
8970
14378
15999
2335
2131
2426
40730
42633
2204
18500
2158
2495
2180
2200
2310
2177
2256
7667
2230
3291
3584
2269
2879
2077
9520
2122
2190
2513
5855
6154

3048

2208
2860
2154
2820
2184
2856
2163
6442
2140
2433
2182
8021
2155
5579
2148
2810
2179
7764
2161
2813
2164
8546
13512
15319
2119
2833
2289
7247
11142
12563
97858
100538
2800
3962
4300
2136
6489
8644
10193
2151
6591
2135
10847
2157
2752
2180
2785
3922
6582
2200
2757
2886
65116
66639
110984
113175
146870
149892
187595
190952
225320
230116
2144
7724
61429
63019
677288
679586
708869
712384
817895
827824
909019
913212
964501
965026
1053709
1058001
1153116
1158884
1285764
1311071
1320691
1342996
1353904
1388866
2193
9118


11565








2189
6742
2173
7474
10043
16154
40872
56157
71822
87266
110749
125186
148802
166567
219671
237147
2041
6072
2225
3154
3835
31542
35005
2117
2777
29518
38185
247666
257449
420845
497501
540747
557415
600921
617118
690761
708205
891262
923428
1175136
1195394
2743
3761
8775
123806
133870
210010
217719


2162
5724
17211
21964
6191
9519
12296
15886
17184
20037
21069
23839
26011
29570
37809
44998
50430
53444
55602
58452

3044

6212
8926
19432
23396
41856
44597
45538
51873
52718
59820
60411
66039
66906
74189
75007
85954
3784
8117
3164
3287
10425
10459
2172
5450
2196
3560
7077
2198
3846
7059
2206
5352
2158
5591
2165
5701
2025
6229
2159
3687
5816
3851
6240
19088
19095
23839
23863


9230
12663
17921
19592
26554
29183

4363
23606
23618
29582
29598
35679
39967
2604
5040
7682
2799
5714




11365
15568
21908
23989
24655
24706
29603
29627

5566

5735
6287
8704


7198

4430

5133

4721



















8379



6406
17673
20087
20663
23277

7326
9304
18014
25494
25535
29054
34340


3558
5961
3564
6127
8058
10350
3051
5200
7108
9670
3853
5965
6453
8677

21276
21483
26674
30321
35647
3901
7413
7893
10317
3298
5183
2888
3655
5869

6554
3330
6094
6781
9727
10279
12485
2117
18306
20655
22985
24923

5508
3171
11224
13319
2499
9684
10249
12696
3521
5649
6364
8643
3862
6022
6500
7937
9127
11795

4681
5590
8241
3257
5551
3361
5112


5156
3011
5023
2505
4326
5132
7754
2525
6180
6708
8832
26985
28966
32475
33725
36139
37903
40779
42447
46883
56836
63276


67900


3764

8694
2709
3612
4355

9374


3416
5994
8139
8768


13491

6522
3052
5860

3750









9151


















