     123	aceVenturaAfriq.hevc.mkv
     124	film1
     125	film2
     126	MICROSD_PAS_MONTEE
     127	
     128	
     129	
     132	
     134	
     135	
     136	
     137	
     138	
     139	
     142	
     143	
     145	
     146	
     147	
     148	
     149	
     152	
     153	
     154	
     156	
     157	
     158	
     159	
     162	
     163	
     164	
     165	
     167	
     168	
     169	
     172	
     173	
     174	
     175	
     176	
     178	
     179	
     182	
     183	
     184	
     185	
     186	
     187	
     189	
     192	
     193	
     194	
     195	
     196	
     197	
     198	
     213	
     214	
     215	
     216	
     217	
     218	
     219	
     231	
     241	
     251	
     261	
     271	
     281	
     291	
     312	
     314	
     315	
     316	
     317	
     318	
     319	
     321	
     341	
     351	
     361	
     371	
     381	
     391	
     412	
     413	
     415	
     416	
     417	
     418	
     419	
     421	
     431	
     451	
     461	
     471	
     481	
     491	
     512	
     513	
     514	
     516	
     517	
     518	
     519	
     521	
     531	
     541	
     561	
     571	
     581	
     591	
     612	
     613	
     614	
     615	
     617	
     618	
     619	
     621	
     631	
     641	
     651	
     671	
     681	
     691	
     712	
     713	
     714	
     715	
     716	
     718	
     719	
     721	
     731	
     741	
     751	
     761	
     781	
     791	
     812	
     813	
     814	
     815	
     816	
     817	
     819	
     821	
     831	
     841	
     851	
     861	
     871	
     891	
     912	
     913	
     914	
     915	
     916	
     917	
     918	
     921	
     931	
     941	
     951	
     961	
     971	
     981	
