2429
9038
2234
2343
72814
2503
2487
4223
2721
2675
10765
2517
3677
27366
2902
22003
31124
42274
2912
29081
3142
3994
2561
2545
3992
2526
2804
2957
97992
100204
111608
126975
137918
145089
227753
240438
323260
328804
2085
2414
2784
2194
2707
5783
2736
3772
2510
12685
2457
2520
2750
16836
2471
8956
68109
95844
2435
9812
2591
12336
2466
10362
2641
9942
2407
2562
2584
2401
2563
2690
2523
2479

2414
2768
2552
2486
4403



2455
2484
2460
2417

2514
2456
8541
2531
4493
20516
2442
3447
10131
2462
2424
2512
2478
2481
2603
14627
23833
2496
2437
2431
2455

2442
2603




2562
13419
34256
2698
12631
2388
9353
2483
2397
35794
54737
2417
2460
2461
2468
2425
3417






2452
2523
9332
2465
2468
2447
2458
3714
2437
2456
2464
2475
2462
2470
3870
16866
4841
5119

5515
4559

17375

4144
5861
2373
2424
2410
2490
3184
3917
2348
110302
2373
25156
2441
2481
2493
2380
2427
3350
2455
12281
33928
3885
25549
37325
2397
2416
15476
2612
2340
42144
2430
2412
2390
2421
2387
2524
2444
3501
2489
2301
2480
2404
6071


2419
2378
2398
2345
2350
2392
2364
2388
2385
2369
2405
14718
2392
2477
12003
99809
3030
4217
2348
9696
2340
2386
2652
2390
4136
2414
2966
66166
112684
149070
189940
229008
2294
62518
678867
711567
820998
912155
968417
1056752
1157601
1289243
1325295
1359383
2482






2362
2401
10272
41721
73760
112534
150378
222280
2265
2685
3432
32623
2337
30886
249614
422617
543101
603547
694516
894536
1178614
2823
3991
126018
211408

2348
17456
6406
12506
17444
21279
26226
38020
50653
55814


6427
19684
42067
45779
52929
60597
67090
75217
4014
3411
3411
2469
2484
3654
2492
4132
2433
2446
2291
2316
2392
3066
3916
4091
18964
18964

9154
17837
26457
2377
23515
23515
35351
2546
7593
2725



11276
21913
24565
24565
2474
2411
6203


2381
2344
2468













2350
17597
20582
2415
9215
17642
28731

2485
3485
2501
3496
7969
2409
2970
7019
2451
2451
3802
6376
2401
20915
29957
2355
3040
3821
7813
2446
3218
2808
3585
2452
2405
2407
3250
6715
10218
2475
8928
16230
18226
22940
2421
2390
3085
11131
2446
10195
2416
3440
6284
2395
2999
3782
6419
9046
2383
5539
2404
3177
2416
3281
2372
2959
2402
2930
2383
5052
2445
6628


















































































