
159994
159996
159998
160000
160002
160004
160006
160010
160012
160016
160019
160022
160025
160028
160033
160034
160045
160048
160051
160053
160097
160101
160103
160106
160111
160113
160115
160117
160119
160121
160125
160128
160131
160132
160133
160142
160143
160150
160151
160156
160167
160169
160171
160173
160175
160177
160180
160185
160187
160189
160216
160220
160222
160227
160228
160237
160240
160241
160247
160250
160271
160273
160275
160277
160279
160281
160283
160285
160287
160289
160294
160296
160298
160328
160337
160343
160352
160355
160357
160379
160385
160388
160394
160395
160405
160421
