
3857
3860
3863
3866
3869
3872
3875
3878
3881
3884
3908
3909
3911
3913
3926
3927
3928
3931
3944
3945
3953
3954
3958
3963
3971
3972
3973
3974
3989
3990
3999
4002
4005
4008
4011
4014
4017
4020
4023
4026
4049
4050
4058
4059
4067
4068
4076
4077
4078
4079
4085
4091
4099
4100
4105
4106
4113
4122
4123
4124
4140
4143
4146
4149
4152
4155
4157
4160
4164
4167
4190
4191
4199
4200
4202
4204
4206
4211
4222
4223
4228
4229
4234
4236
4253
4254
4257
4259
4271
4272
4281
4284
4287
4290
4293
4296
4299
4302
4305
4308
4328
4329
4337
4338
4339
4340
4342
4343
4364
4365
4373
4374
4380
4383
4384
4385
4388
4389
4409
4410
4418
4420
4422
4424
4427
4435
4463
4464
