123
124
125
126
127
128
129
132
134
135
136
137
138
139
142
143
145
146
147
148
149
152
153
154
156
157
158
159
162
163
164
165
167
168
169
172
173
174
175
176
178
179
182
183
184
185
186
187
189
192
193
194
195
196
197
198
213
214
215
216
217
218
219
231
234
235
236
237
238
239
241
243
245
246
247
248
249
251
253
254
256
257
258
259
261
263
264
265
267
268
269
271
273
274
275
276
278
279
281
283
284
285
286
287
289
291
293
294
295
296
297
298
312
314
315
316
317
318
319
321
324
325
326
327
328
329
341
342
345
346
347
348
349
351
352
354
356
357
358
359
361
362
364
365
367
368
369
371
372
374
375
376
378
379
381
382
384
385
386
387
389
391
392
394
395
396
397
398
412
413
415
416
417
418
419
421
423
425
426
427
428
429
431
432
435
436
437
438
439
451
452
453
456
457
458
459
461
462
463
465
467
468
469
471
472
473
475
476
478
479
481
482
483
485
486
487
489
491
492
493
495
496
497
498
512
513
514
516
517
518
519
521
523
524
526
527
528
529
531
532
